{
 "cells": [
  {
   "cell_type": "code",
   "execution_count": 49,
   "metadata": {},
   "outputs": [
    {
     "name": "stdout",
     "output_type": "stream",
     "text": [
      "<class 'pandas.core.frame.DataFrame'>\n",
      "RangeIndex: 20 entries, 0 to 19\n",
      "Data columns (total 5 columns):\n",
      "name        20 non-null object\n",
      "calories    20 non-null int64\n",
      "sodium      20 non-null int64\n",
      "alcohol     20 non-null float64\n",
      "cost        20 non-null float64\n",
      "dtypes: float64(2), int64(2), object(1)\n",
      "memory usage: 928.0+ bytes\n"
     ]
    }
   ],
   "source": [
    "import pandas as pd\n",
    "import numpy as np\n",
    "import matplotlib as mpl\n",
    "import matplotlib.pyplot as plt\n",
    "\n",
    "%matplotlib inline\n",
    "\n",
    "beer_df = pd.read_csv( 'beer.csv' )\n",
    "beer_df.info()"
   ]
  },
  {
   "cell_type": "code",
   "execution_count": 50,
   "metadata": {},
   "outputs": [
    {
     "data": {
      "text/plain": [
       "calories    132.5500\n",
       "sodium       14.9500\n",
       "alcohol       4.2400\n",
       "cost          0.4945\n",
       "dtype: float64"
      ]
     },
     "execution_count": 50,
     "metadata": {},
     "output_type": "execute_result"
    }
   ],
   "source": [
    "beer_df.mean()"
   ]
  },
  {
   "cell_type": "code",
   "execution_count": 51,
   "metadata": {},
   "outputs": [
    {
     "data": {
      "text/plain": [
       "calories    917.102632\n",
       "sodium       43.313158\n",
       "alcohol       1.183579\n",
       "cost          0.020984\n",
       "dtype: float64"
      ]
     },
     "execution_count": 51,
     "metadata": {},
     "output_type": "execute_result"
    }
   ],
   "source": [
    "beer_df.var()"
   ]
  },
  {
   "cell_type": "code",
   "execution_count": 52,
   "metadata": {},
   "outputs": [],
   "source": [
    "# Normalization\n",
    "from sklearn.preprocessing import StandardScaler\n",
    "scaler = StandardScaler()\n",
    "scaled_beer_df = scaler.fit_transform( beer_df[['calories',\n",
    "'sodium',\n",
    "'alcohol',\n",
    "'cost']] )\n",
    "X=pd.DataFrame(scaled_beer_df, index=beer_df.name, \n",
    "               columns=['calories','sodium','alcohol','cost'])"
   ]
  },
  {
   "cell_type": "code",
   "execution_count": 53,
   "metadata": {},
   "outputs": [
    {
     "data": {
      "text/html": [
       "<div>\n",
       "<style scoped>\n",
       "    .dataframe tbody tr th:only-of-type {\n",
       "        vertical-align: middle;\n",
       "    }\n",
       "\n",
       "    .dataframe tbody tr th {\n",
       "        vertical-align: top;\n",
       "    }\n",
       "\n",
       "    .dataframe thead th {\n",
       "        text-align: right;\n",
       "    }\n",
       "</style>\n",
       "<table border=\"1\" class=\"dataframe\">\n",
       "  <thead>\n",
       "    <tr style=\"text-align: right;\">\n",
       "      <th></th>\n",
       "      <th>calories</th>\n",
       "      <th>sodium</th>\n",
       "      <th>alcohol</th>\n",
       "      <th>cost</th>\n",
       "    </tr>\n",
       "    <tr>\n",
       "      <th>name</th>\n",
       "      <th></th>\n",
       "      <th></th>\n",
       "      <th></th>\n",
       "      <th></th>\n",
       "    </tr>\n",
       "  </thead>\n",
       "  <tbody>\n",
       "    <tr>\n",
       "      <td>Budweiser</td>\n",
       "      <td>0.387913</td>\n",
       "      <td>0.007795</td>\n",
       "      <td>0.433808</td>\n",
       "      <td>-0.456830</td>\n",
       "    </tr>\n",
       "    <tr>\n",
       "      <td>Schlitz</td>\n",
       "      <td>0.625066</td>\n",
       "      <td>0.631369</td>\n",
       "      <td>0.622420</td>\n",
       "      <td>-0.456830</td>\n",
       "    </tr>\n",
       "    <tr>\n",
       "      <td>Lowenbrau</td>\n",
       "      <td>0.828339</td>\n",
       "      <td>0.007795</td>\n",
       "      <td>-3.149822</td>\n",
       "      <td>-0.102698</td>\n",
       "    </tr>\n",
       "    <tr>\n",
       "      <td>Kronenbourg</td>\n",
       "      <td>1.268765</td>\n",
       "      <td>-1.239354</td>\n",
       "      <td>0.905338</td>\n",
       "      <td>1.667960</td>\n",
       "    </tr>\n",
       "    <tr>\n",
       "      <td>Heineken</td>\n",
       "      <td>0.658944</td>\n",
       "      <td>-0.615780</td>\n",
       "      <td>0.716726</td>\n",
       "      <td>1.951265</td>\n",
       "    </tr>\n",
       "    <tr>\n",
       "      <td>Old_Milwaukee</td>\n",
       "      <td>0.421792</td>\n",
       "      <td>1.254943</td>\n",
       "      <td>0.339502</td>\n",
       "      <td>-1.519224</td>\n",
       "    </tr>\n",
       "    <tr>\n",
       "      <td>Augsberger</td>\n",
       "      <td>1.438159</td>\n",
       "      <td>1.410837</td>\n",
       "      <td>1.188256</td>\n",
       "      <td>-0.669309</td>\n",
       "    </tr>\n",
       "    <tr>\n",
       "      <td>Srohs_Bohemian_Style</td>\n",
       "      <td>0.557308</td>\n",
       "      <td>1.878518</td>\n",
       "      <td>0.433808</td>\n",
       "      <td>-0.527656</td>\n",
       "    </tr>\n",
       "    <tr>\n",
       "      <td>Miller_Lite</td>\n",
       "      <td>-1.136637</td>\n",
       "      <td>-0.771673</td>\n",
       "      <td>0.056584</td>\n",
       "      <td>-0.456830</td>\n",
       "    </tr>\n",
       "    <tr>\n",
       "      <td>Budweiser_Light</td>\n",
       "      <td>-0.662332</td>\n",
       "      <td>-1.083460</td>\n",
       "      <td>-0.509253</td>\n",
       "      <td>-0.669309</td>\n",
       "    </tr>\n",
       "    <tr>\n",
       "      <td>Coors</td>\n",
       "      <td>0.252398</td>\n",
       "      <td>0.475475</td>\n",
       "      <td>0.339502</td>\n",
       "      <td>-0.386003</td>\n",
       "    </tr>\n",
       "    <tr>\n",
       "      <td>Coors_Light</td>\n",
       "      <td>-1.035000</td>\n",
       "      <td>0.007795</td>\n",
       "      <td>-0.132028</td>\n",
       "      <td>-0.244351</td>\n",
       "    </tr>\n",
       "    <tr>\n",
       "      <td>Michelob_Light</td>\n",
       "      <td>0.083003</td>\n",
       "      <td>-0.615780</td>\n",
       "      <td>-0.037722</td>\n",
       "      <td>0.038954</td>\n",
       "    </tr>\n",
       "    <tr>\n",
       "      <td>Becks</td>\n",
       "      <td>0.591187</td>\n",
       "      <td>0.631369</td>\n",
       "      <td>0.433808</td>\n",
       "      <td>1.880438</td>\n",
       "    </tr>\n",
       "    <tr>\n",
       "      <td>Kirin</td>\n",
       "      <td>0.557308</td>\n",
       "      <td>-1.395248</td>\n",
       "      <td>0.716726</td>\n",
       "      <td>2.092917</td>\n",
       "    </tr>\n",
       "    <tr>\n",
       "      <td>Pabst_Extra_Light</td>\n",
       "      <td>-2.186883</td>\n",
       "      <td>0.007795</td>\n",
       "      <td>-1.829537</td>\n",
       "      <td>-0.810961</td>\n",
       "    </tr>\n",
       "    <tr>\n",
       "      <td>Hamms</td>\n",
       "      <td>0.218519</td>\n",
       "      <td>0.631369</td>\n",
       "      <td>0.150890</td>\n",
       "      <td>-0.456830</td>\n",
       "    </tr>\n",
       "    <tr>\n",
       "      <td>Heilemans_Old_Style</td>\n",
       "      <td>0.387913</td>\n",
       "      <td>1.410837</td>\n",
       "      <td>0.622420</td>\n",
       "      <td>-0.456830</td>\n",
       "    </tr>\n",
       "    <tr>\n",
       "      <td>Olympia_Goled_Light</td>\n",
       "      <td>-2.051367</td>\n",
       "      <td>-1.395248</td>\n",
       "      <td>-1.263701</td>\n",
       "      <td>-0.244351</td>\n",
       "    </tr>\n",
       "    <tr>\n",
       "      <td>Schlitz_Light</td>\n",
       "      <td>-1.204395</td>\n",
       "      <td>-1.239354</td>\n",
       "      <td>-0.037722</td>\n",
       "      <td>-0.173524</td>\n",
       "    </tr>\n",
       "  </tbody>\n",
       "</table>\n",
       "</div>"
      ],
      "text/plain": [
       "                      calories    sodium   alcohol      cost\n",
       "name                                                        \n",
       "Budweiser             0.387913  0.007795  0.433808 -0.456830\n",
       "Schlitz               0.625066  0.631369  0.622420 -0.456830\n",
       "Lowenbrau             0.828339  0.007795 -3.149822 -0.102698\n",
       "Kronenbourg           1.268765 -1.239354  0.905338  1.667960\n",
       "Heineken              0.658944 -0.615780  0.716726  1.951265\n",
       "Old_Milwaukee         0.421792  1.254943  0.339502 -1.519224\n",
       "Augsberger            1.438159  1.410837  1.188256 -0.669309\n",
       "Srohs_Bohemian_Style  0.557308  1.878518  0.433808 -0.527656\n",
       "Miller_Lite          -1.136637 -0.771673  0.056584 -0.456830\n",
       "Budweiser_Light      -0.662332 -1.083460 -0.509253 -0.669309\n",
       "Coors                 0.252398  0.475475  0.339502 -0.386003\n",
       "Coors_Light          -1.035000  0.007795 -0.132028 -0.244351\n",
       "Michelob_Light        0.083003 -0.615780 -0.037722  0.038954\n",
       "Becks                 0.591187  0.631369  0.433808  1.880438\n",
       "Kirin                 0.557308 -1.395248  0.716726  2.092917\n",
       "Pabst_Extra_Light    -2.186883  0.007795 -1.829537 -0.810961\n",
       "Hamms                 0.218519  0.631369  0.150890 -0.456830\n",
       "Heilemans_Old_Style   0.387913  1.410837  0.622420 -0.456830\n",
       "Olympia_Goled_Light  -2.051367 -1.395248 -1.263701 -0.244351\n",
       "Schlitz_Light        -1.204395 -1.239354 -0.037722 -0.173524"
      ]
     },
     "execution_count": 53,
     "metadata": {},
     "output_type": "execute_result"
    }
   ],
   "source": [
    "X"
   ]
  },
  {
   "cell_type": "code",
   "execution_count": 54,
   "metadata": {},
   "outputs": [
    {
     "data": {
      "text/html": [
       "<div>\n",
       "<style scoped>\n",
       "    .dataframe tbody tr th:only-of-type {\n",
       "        vertical-align: middle;\n",
       "    }\n",
       "\n",
       "    .dataframe tbody tr th {\n",
       "        vertical-align: top;\n",
       "    }\n",
       "\n",
       "    .dataframe thead th {\n",
       "        text-align: right;\n",
       "    }\n",
       "</style>\n",
       "<table border=\"1\" class=\"dataframe\">\n",
       "  <thead>\n",
       "    <tr style=\"text-align: right;\">\n",
       "      <th></th>\n",
       "      <th>V1</th>\n",
       "      <th>V2</th>\n",
       "      <th>V3</th>\n",
       "      <th>V4</th>\n",
       "    </tr>\n",
       "  </thead>\n",
       "  <tbody>\n",
       "    <tr>\n",
       "      <td>calories</td>\n",
       "      <td>-0.663721</td>\n",
       "      <td>0.001685</td>\n",
       "      <td>0.510299</td>\n",
       "      <td>-0.546869</td>\n",
       "    </tr>\n",
       "    <tr>\n",
       "      <td>sodium</td>\n",
       "      <td>-0.366908</td>\n",
       "      <td>-0.678445</td>\n",
       "      <td>0.179433</td>\n",
       "      <td>0.610651</td>\n",
       "    </tr>\n",
       "    <tr>\n",
       "      <td>alcohol</td>\n",
       "      <td>-0.594416</td>\n",
       "      <td>0.088789</td>\n",
       "      <td>-0.798888</td>\n",
       "      <td>-0.023763</td>\n",
       "    </tr>\n",
       "    <tr>\n",
       "      <td>cost</td>\n",
       "      <td>-0.267435</td>\n",
       "      <td>0.729264</td>\n",
       "      <td>0.263016</td>\n",
       "      <td>0.572254</td>\n",
       "    </tr>\n",
       "  </tbody>\n",
       "</table>\n",
       "</div>"
      ],
      "text/plain": [
       "                V1        V2        V3        V4\n",
       "calories -0.663721  0.001685  0.510299 -0.546869\n",
       "sodium   -0.366908 -0.678445  0.179433  0.610651\n",
       "alcohol  -0.594416  0.088789 -0.798888 -0.023763\n",
       "cost     -0.267435  0.729264  0.263016  0.572254"
      ]
     },
     "execution_count": 54,
     "metadata": {},
     "output_type": "execute_result"
    }
   ],
   "source": [
    "from sklearn.decomposition import PCA\n",
    "pca_loadings = pd.DataFrame(PCA().fit(X).components_.T, \n",
    "                            index=['calories','sodium','alcohol','cost'], \n",
    "                            columns=['V1', 'V2', 'V3', 'V4'])\n",
    "pca_loadings"
   ]
  },
  {
   "cell_type": "code",
   "execution_count": 56,
   "metadata": {},
   "outputs": [
    {
     "data": {
      "text/html": [
       "<div>\n",
       "<style scoped>\n",
       "    .dataframe tbody tr th:only-of-type {\n",
       "        vertical-align: middle;\n",
       "    }\n",
       "\n",
       "    .dataframe tbody tr th {\n",
       "        vertical-align: top;\n",
       "    }\n",
       "\n",
       "    .dataframe thead th {\n",
       "        text-align: right;\n",
       "    }\n",
       "</style>\n",
       "<table border=\"1\" class=\"dataframe\">\n",
       "  <thead>\n",
       "    <tr style=\"text-align: right;\">\n",
       "      <th></th>\n",
       "      <th>PC1</th>\n",
       "      <th>PC2</th>\n",
       "      <th>PC3</th>\n",
       "      <th>PC4</th>\n",
       "    </tr>\n",
       "    <tr>\n",
       "      <th>name</th>\n",
       "      <th></th>\n",
       "      <th></th>\n",
       "      <th></th>\n",
       "      <th></th>\n",
       "    </tr>\n",
       "  </thead>\n",
       "  <tbody>\n",
       "    <tr>\n",
       "      <td>Budweiser</td>\n",
       "      <td>-0.396016</td>\n",
       "      <td>-0.299267</td>\n",
       "      <td>-0.267367</td>\n",
       "      <td>-0.479109</td>\n",
       "    </tr>\n",
       "    <tr>\n",
       "      <td>Schlitz</td>\n",
       "      <td>-0.894328</td>\n",
       "      <td>-0.705181</td>\n",
       "      <td>-0.185138</td>\n",
       "      <td>-0.232496</td>\n",
       "    </tr>\n",
       "    <tr>\n",
       "      <td>Lowenbrau</td>\n",
       "      <td>1.347124</td>\n",
       "      <td>-0.358457</td>\n",
       "      <td>2.913442</td>\n",
       "      <td>-0.432152</td>\n",
       "    </tr>\n",
       "    <tr>\n",
       "      <td>Kronenbourg</td>\n",
       "      <td>-1.371596</td>\n",
       "      <td>2.139739</td>\n",
       "      <td>0.140505</td>\n",
       "      <td>-0.517678</td>\n",
       "    </tr>\n",
       "    <tr>\n",
       "      <td>Heineken</td>\n",
       "      <td>-1.159292</td>\n",
       "      <td>1.905508</td>\n",
       "      <td>0.166398</td>\n",
       "      <td>0.363204</td>\n",
       "    </tr>\n",
       "    <tr>\n",
       "      <td>Old_Milwaukee</td>\n",
       "      <td>-0.535913</td>\n",
       "      <td>-1.928471</td>\n",
       "      <td>-0.230386</td>\n",
       "      <td>-0.341783</td>\n",
       "    </tr>\n",
       "    <tr>\n",
       "      <td>Augsberger</td>\n",
       "      <td>-1.999507</td>\n",
       "      <td>-1.337350</td>\n",
       "      <td>-0.138280</td>\n",
       "      <td>-0.336207</td>\n",
       "    </tr>\n",
       "    <tr>\n",
       "      <td>Srohs_Bohemian_Style</td>\n",
       "      <td>-1.175890</td>\n",
       "      <td>-1.619815</td>\n",
       "      <td>0.136116</td>\n",
       "      <td>0.530083</td>\n",
       "    </tr>\n",
       "    <tr>\n",
       "      <td>Miller_Lite</td>\n",
       "      <td>1.126082</td>\n",
       "      <td>0.193497</td>\n",
       "      <td>-0.883846</td>\n",
       "      <td>-0.112399</td>\n",
       "    </tr>\n",
       "    <tr>\n",
       "      <td>Budweiser_Light</td>\n",
       "      <td>1.318840</td>\n",
       "      <td>0.200633</td>\n",
       "      <td>-0.301599</td>\n",
       "      <td>-0.670320</td>\n",
       "    </tr>\n",
       "    <tr>\n",
       "      <td>Coors</td>\n",
       "      <td>-0.440552</td>\n",
       "      <td>-0.573513</td>\n",
       "      <td>-0.158635</td>\n",
       "      <td>-0.076639</td>\n",
       "    </tr>\n",
       "    <tr>\n",
       "      <td>Coors_Light</td>\n",
       "      <td>0.827920</td>\n",
       "      <td>-0.196951</td>\n",
       "      <td>-0.485553</td>\n",
       "      <td>0.434076</td>\n",
       "    </tr>\n",
       "    <tr>\n",
       "      <td>Michelob_Light</td>\n",
       "      <td>0.182849</td>\n",
       "      <td>0.442971</td>\n",
       "      <td>-0.027753</td>\n",
       "      <td>-0.398230</td>\n",
       "    </tr>\n",
       "    <tr>\n",
       "      <td>Becks</td>\n",
       "      <td>-1.384796</td>\n",
       "      <td>0.982501</td>\n",
       "      <td>0.562992</td>\n",
       "      <td>1.128024</td>\n",
       "    </tr>\n",
       "    <tr>\n",
       "      <td>Kirin</td>\n",
       "      <td>-0.843723</td>\n",
       "      <td>2.537465</td>\n",
       "      <td>0.011928</td>\n",
       "      <td>0.023865</td>\n",
       "    </tr>\n",
       "    <tr>\n",
       "      <td>Pabst_Extra_Light</td>\n",
       "      <td>2.753007</td>\n",
       "      <td>-0.762821</td>\n",
       "      <td>0.133733</td>\n",
       "      <td>0.780098</td>\n",
       "    </tr>\n",
       "    <tr>\n",
       "      <td>Hamms</td>\n",
       "      <td>-0.344209</td>\n",
       "      <td>-0.747733</td>\n",
       "      <td>-0.015899</td>\n",
       "      <td>0.001037</td>\n",
       "    </tr>\n",
       "    <tr>\n",
       "      <td>Heilemans_Old_Style</td>\n",
       "      <td>-1.022918</td>\n",
       "      <td>-1.234407</td>\n",
       "      <td>-0.166295</td>\n",
       "      <td>0.373178</td>\n",
       "    </tr>\n",
       "    <tr>\n",
       "      <td>Olympia_Goled_Light</td>\n",
       "      <td>2.689977</td>\n",
       "      <td>0.652743</td>\n",
       "      <td>-0.351877</td>\n",
       "      <td>0.160019</td>\n",
       "    </tr>\n",
       "    <tr>\n",
       "      <td>Schlitz_Light</td>\n",
       "      <td>1.322941</td>\n",
       "      <td>0.708910</td>\n",
       "      <td>-0.852486</td>\n",
       "      <td>-0.196570</td>\n",
       "    </tr>\n",
       "  </tbody>\n",
       "</table>\n",
       "</div>"
      ],
      "text/plain": [
       "                           PC1       PC2       PC3       PC4\n",
       "name                                                        \n",
       "Budweiser            -0.396016 -0.299267 -0.267367 -0.479109\n",
       "Schlitz              -0.894328 -0.705181 -0.185138 -0.232496\n",
       "Lowenbrau             1.347124 -0.358457  2.913442 -0.432152\n",
       "Kronenbourg          -1.371596  2.139739  0.140505 -0.517678\n",
       "Heineken             -1.159292  1.905508  0.166398  0.363204\n",
       "Old_Milwaukee        -0.535913 -1.928471 -0.230386 -0.341783\n",
       "Augsberger           -1.999507 -1.337350 -0.138280 -0.336207\n",
       "Srohs_Bohemian_Style -1.175890 -1.619815  0.136116  0.530083\n",
       "Miller_Lite           1.126082  0.193497 -0.883846 -0.112399\n",
       "Budweiser_Light       1.318840  0.200633 -0.301599 -0.670320\n",
       "Coors                -0.440552 -0.573513 -0.158635 -0.076639\n",
       "Coors_Light           0.827920 -0.196951 -0.485553  0.434076\n",
       "Michelob_Light        0.182849  0.442971 -0.027753 -0.398230\n",
       "Becks                -1.384796  0.982501  0.562992  1.128024\n",
       "Kirin                -0.843723  2.537465  0.011928  0.023865\n",
       "Pabst_Extra_Light     2.753007 -0.762821  0.133733  0.780098\n",
       "Hamms                -0.344209 -0.747733 -0.015899  0.001037\n",
       "Heilemans_Old_Style  -1.022918 -1.234407 -0.166295  0.373178\n",
       "Olympia_Goled_Light   2.689977  0.652743 -0.351877  0.160019\n",
       "Schlitz_Light         1.322941  0.708910 -0.852486 -0.196570"
      ]
     },
     "execution_count": 56,
     "metadata": {},
     "output_type": "execute_result"
    }
   ],
   "source": [
    "from sklearn.decomposition import PCA\n",
    "pca_loadings = pd.DataFrame(PCA().fit(X).components_.T, \n",
    "                            index=['calories','sodium','alcohol','cost'], \n",
    "                            columns=['V1', 'V2', 'V3', 'V4'])\n",
    "pca_loadings\n",
    "\n",
    "# Fit the PCA model and transform X to get the principal components\n",
    "pca = PCA()\n",
    "df_plot = pd.DataFrame(pca.fit_transform(X), columns=['PC1', 'PC2', 'PC3', 'PC4'], \n",
    "                       index=X.index)\n",
    "df_plot"
   ]
  },
  {
   "cell_type": "code",
   "execution_count": 57,
   "metadata": {},
   "outputs": [
    {
     "data": {
